0 Untitled Model
0 Name:  legospaceman
0 Author:  
0 CustomBrick
0 FlexibleBrickControlPointUnitLength -1
0 NumOfBricks:  20
0 STEP
1 1 0.000000 -28.000000 11.000000 1.000000 0.000000 0.000000 0.000000 1.000000 0.000000 0.000000 0.000000 1.000000 3816.dat
1 1 0.000000 -28.000000 11.000000 1.000000 0.000000 0.000000 0.000000 1.000000 0.000000 0.000000 0.000000 1.000000 3817.dat
1 1 0.000000 -40.000080 11.000000 1.000000 0.000000 0.000000 0.000000 1.000000 0.000000 0.000000 0.000000 1.000000 3815.dat
1 1 -0.000010 -72.000100 11.000010 1.000000 0.000000 0.000000 0.000000 1.000000 0.000000 0.000000 0.000000 1.000000 3838.dat
1 1 -0.000060 -72.000100 10.999990 1.000000 0.000000 0.000000 0.000000 1.000000 0.000000 0.000000 0.000000 1.000000 973p90.dat
1 14 0.000000 -96.000100 11.000000 1.000000 0.000000 0.000000 0.000000 1.000000 0.000000 0.000000 0.000000 1.000000 3626ap01.dat
1 1 0.000000 -96.000100 11.000000 1.000000 0.000000 0.000000 0.000000 1.000000 0.000000 0.000000 0.000000 1.000000 3842a.dat
1 1 15.471780 -63.124400 11.000000 0.985328 0.170671 0.000000 -0.170671 0.985328 0.000000 0.000000 0.000000 1.000000 3819.dat
1 14 23.641150 -45.256520 1.000010 0.991468 -0.049255 -0.120682 -0.049255 0.715638 -0.696732 0.120682 0.696732 0.707107 3820.dat
1 1 -15.574620 -63.092900 11.000000 0.985495 -0.169703 0.000000 0.169703 0.985495 0.000000 0.000000 0.000000 1.000000 3818.dat
1 14 -23.726440 -45.217020 1.500020 0.991565 0.048984 0.119998 0.048984 0.715542 -0.696851 -0.119998 0.696851 0.707107 3820.dat
1 1 100.000000 -28.000000 11.000000 1.000000 0.000000 0.000000 0.000000 1.000000 0.000000 0.000000 0.000000 1.000000 3816.dat
1 1 100.000000 -28.000000 11.000000 1.000000 0.000000 0.000000 0.000000 1.000000 0.000000 0.000000 0.000000 1.000000 3817.dat
1 1 100.000000 -40.000080 11.000000 1.000000 0.000000 0.000000 0.000000 1.000000 0.000000 0.000000 0.000000 1.000000 3815.dat
1 1 99.999940 -72.000100 10.999990 1.000000 0.000000 0.000000 0.000000 1.000000 0.000000 0.000000 0.000000 1.000000 973p90.dat
1 1 115.471800 -63.124400 11.000000 0.985328 0.170671 0.000000 -0.170671 0.985328 0.000000 0.000000 0.000000 1.000000 3819.dat
1 14 123.641100 -45.256520 1.000010 0.991468 -0.049255 -0.120682 -0.049255 0.715638 -0.696732 0.120682 0.696732 0.707107 3820.dat
1 1 84.425380 -63.092900 11.000000 0.985495 -0.169703 0.000000 0.169703 0.985495 0.000000 0.000000 0.000000 1.000000 3818.dat
1 14 76.273560 -45.217020 1.500020 0.991565 0.048984 0.119998 0.048984 0.715542 -0.696851 -0.119998 0.696851 0.707107 3820.dat
1 1 99.999940 -90.000110 0.999990 1.000000 0.000000 0.000000 0.000000 0.000000 -1.000000 0.000000 1.000000 0.000000 3700.dat
0 STEP
